{
 "cells": [
  {
   "cell_type": "code",
   "execution_count": 38,
   "metadata": {},
   "outputs": [],
   "source": [
    "#Recognise that a 20x20 list-matrix will simulate the grid in boxes but not in latices\n",
    "#Need a grid of 21X21 to actully simulate the latices. Think about a 2x2 grid. 4 boxes made by 9 latices\n",
    "\n",
    "def path_counter(x):\n",
    "    y = x + 1\n",
    "    first_row = []\n",
    "    for i in range (0,y):\n",
    "        first_row.append(1)\n",
    "\n",
    "    paths_at_point = [first_row]\n",
    "\n",
    "    for row in range (0,y):\n",
    "        new_row = [1]\n",
    "        for column in range (0,(x)):\n",
    "            new_row.append(new_row[column]+paths_at_point[row][column+1])\n",
    "\n",
    "        paths_at_point.append(new_row)\n",
    "    return(paths_at_point)"
   ]
  },
  {
   "cell_type": "code",
   "execution_count": 34,
   "metadata": {},
   "outputs": [
    {
     "data": {
      "text/plain": [
       "[[1, 1, 1, 1, 1, 1, 1, 1, 1, 1, 1, 1, 1, 1, 1, 1, 1, 1, 1, 1, 1],\n",
       " [1, 2, 3, 4, 5, 6, 7, 8, 9, 10, 11, 12, 13, 14, 15, 16, 17, 18, 19, 20, 21],\n",
       " [1,\n",
       "  3,\n",
       "  6,\n",
       "  10,\n",
       "  15,\n",
       "  21,\n",
       "  28,\n",
       "  36,\n",
       "  45,\n",
       "  55,\n",
       "  66,\n",
       "  78,\n",
       "  91,\n",
       "  105,\n",
       "  120,\n",
       "  136,\n",
       "  153,\n",
       "  171,\n",
       "  190,\n",
       "  210,\n",
       "  231],\n",
       " [1,\n",
       "  4,\n",
       "  10,\n",
       "  20,\n",
       "  35,\n",
       "  56,\n",
       "  84,\n",
       "  120,\n",
       "  165,\n",
       "  220,\n",
       "  286,\n",
       "  364,\n",
       "  455,\n",
       "  560,\n",
       "  680,\n",
       "  816,\n",
       "  969,\n",
       "  1140,\n",
       "  1330,\n",
       "  1540,\n",
       "  1771],\n",
       " [1,\n",
       "  5,\n",
       "  15,\n",
       "  35,\n",
       "  70,\n",
       "  126,\n",
       "  210,\n",
       "  330,\n",
       "  495,\n",
       "  715,\n",
       "  1001,\n",
       "  1365,\n",
       "  1820,\n",
       "  2380,\n",
       "  3060,\n",
       "  3876,\n",
       "  4845,\n",
       "  5985,\n",
       "  7315,\n",
       "  8855,\n",
       "  10626],\n",
       " [1,\n",
       "  6,\n",
       "  21,\n",
       "  56,\n",
       "  126,\n",
       "  252,\n",
       "  462,\n",
       "  792,\n",
       "  1287,\n",
       "  2002,\n",
       "  3003,\n",
       "  4368,\n",
       "  6188,\n",
       "  8568,\n",
       "  11628,\n",
       "  15504,\n",
       "  20349,\n",
       "  26334,\n",
       "  33649,\n",
       "  42504,\n",
       "  53130],\n",
       " [1,\n",
       "  7,\n",
       "  28,\n",
       "  84,\n",
       "  210,\n",
       "  462,\n",
       "  924,\n",
       "  1716,\n",
       "  3003,\n",
       "  5005,\n",
       "  8008,\n",
       "  12376,\n",
       "  18564,\n",
       "  27132,\n",
       "  38760,\n",
       "  54264,\n",
       "  74613,\n",
       "  100947,\n",
       "  134596,\n",
       "  177100,\n",
       "  230230],\n",
       " [1,\n",
       "  8,\n",
       "  36,\n",
       "  120,\n",
       "  330,\n",
       "  792,\n",
       "  1716,\n",
       "  3432,\n",
       "  6435,\n",
       "  11440,\n",
       "  19448,\n",
       "  31824,\n",
       "  50388,\n",
       "  77520,\n",
       "  116280,\n",
       "  170544,\n",
       "  245157,\n",
       "  346104,\n",
       "  480700,\n",
       "  657800,\n",
       "  888030],\n",
       " [1,\n",
       "  9,\n",
       "  45,\n",
       "  165,\n",
       "  495,\n",
       "  1287,\n",
       "  3003,\n",
       "  6435,\n",
       "  12870,\n",
       "  24310,\n",
       "  43758,\n",
       "  75582,\n",
       "  125970,\n",
       "  203490,\n",
       "  319770,\n",
       "  490314,\n",
       "  735471,\n",
       "  1081575,\n",
       "  1562275,\n",
       "  2220075,\n",
       "  3108105],\n",
       " [1,\n",
       "  10,\n",
       "  55,\n",
       "  220,\n",
       "  715,\n",
       "  2002,\n",
       "  5005,\n",
       "  11440,\n",
       "  24310,\n",
       "  48620,\n",
       "  92378,\n",
       "  167960,\n",
       "  293930,\n",
       "  497420,\n",
       "  817190,\n",
       "  1307504,\n",
       "  2042975,\n",
       "  3124550,\n",
       "  4686825,\n",
       "  6906900,\n",
       "  10015005],\n",
       " [1,\n",
       "  11,\n",
       "  66,\n",
       "  286,\n",
       "  1001,\n",
       "  3003,\n",
       "  8008,\n",
       "  19448,\n",
       "  43758,\n",
       "  92378,\n",
       "  184756,\n",
       "  352716,\n",
       "  646646,\n",
       "  1144066,\n",
       "  1961256,\n",
       "  3268760,\n",
       "  5311735,\n",
       "  8436285,\n",
       "  13123110,\n",
       "  20030010,\n",
       "  30045015],\n",
       " [1,\n",
       "  12,\n",
       "  78,\n",
       "  364,\n",
       "  1365,\n",
       "  4368,\n",
       "  12376,\n",
       "  31824,\n",
       "  75582,\n",
       "  167960,\n",
       "  352716,\n",
       "  705432,\n",
       "  1352078,\n",
       "  2496144,\n",
       "  4457400,\n",
       "  7726160,\n",
       "  13037895,\n",
       "  21474180,\n",
       "  34597290,\n",
       "  54627300,\n",
       "  84672315],\n",
       " [1,\n",
       "  13,\n",
       "  91,\n",
       "  455,\n",
       "  1820,\n",
       "  6188,\n",
       "  18564,\n",
       "  50388,\n",
       "  125970,\n",
       "  293930,\n",
       "  646646,\n",
       "  1352078,\n",
       "  2704156,\n",
       "  5200300,\n",
       "  9657700,\n",
       "  17383860,\n",
       "  30421755,\n",
       "  51895935,\n",
       "  86493225,\n",
       "  141120525,\n",
       "  225792840],\n",
       " [1,\n",
       "  14,\n",
       "  105,\n",
       "  560,\n",
       "  2380,\n",
       "  8568,\n",
       "  27132,\n",
       "  77520,\n",
       "  203490,\n",
       "  497420,\n",
       "  1144066,\n",
       "  2496144,\n",
       "  5200300,\n",
       "  10400600,\n",
       "  20058300,\n",
       "  37442160,\n",
       "  67863915,\n",
       "  119759850,\n",
       "  206253075,\n",
       "  347373600,\n",
       "  573166440],\n",
       " [1,\n",
       "  15,\n",
       "  120,\n",
       "  680,\n",
       "  3060,\n",
       "  11628,\n",
       "  38760,\n",
       "  116280,\n",
       "  319770,\n",
       "  817190,\n",
       "  1961256,\n",
       "  4457400,\n",
       "  9657700,\n",
       "  20058300,\n",
       "  40116600,\n",
       "  77558760,\n",
       "  145422675,\n",
       "  265182525,\n",
       "  471435600,\n",
       "  818809200,\n",
       "  1391975640],\n",
       " [1,\n",
       "  16,\n",
       "  136,\n",
       "  816,\n",
       "  3876,\n",
       "  15504,\n",
       "  54264,\n",
       "  170544,\n",
       "  490314,\n",
       "  1307504,\n",
       "  3268760,\n",
       "  7726160,\n",
       "  17383860,\n",
       "  37442160,\n",
       "  77558760,\n",
       "  155117520,\n",
       "  300540195,\n",
       "  565722720,\n",
       "  1037158320,\n",
       "  1855967520,\n",
       "  3247943160],\n",
       " [1,\n",
       "  17,\n",
       "  153,\n",
       "  969,\n",
       "  4845,\n",
       "  20349,\n",
       "  74613,\n",
       "  245157,\n",
       "  735471,\n",
       "  2042975,\n",
       "  5311735,\n",
       "  13037895,\n",
       "  30421755,\n",
       "  67863915,\n",
       "  145422675,\n",
       "  300540195,\n",
       "  601080390,\n",
       "  1166803110,\n",
       "  2203961430,\n",
       "  4059928950,\n",
       "  7307872110],\n",
       " [1,\n",
       "  18,\n",
       "  171,\n",
       "  1140,\n",
       "  5985,\n",
       "  26334,\n",
       "  100947,\n",
       "  346104,\n",
       "  1081575,\n",
       "  3124550,\n",
       "  8436285,\n",
       "  21474180,\n",
       "  51895935,\n",
       "  119759850,\n",
       "  265182525,\n",
       "  565722720,\n",
       "  1166803110,\n",
       "  2333606220,\n",
       "  4537567650,\n",
       "  8597496600,\n",
       "  15905368710],\n",
       " [1,\n",
       "  19,\n",
       "  190,\n",
       "  1330,\n",
       "  7315,\n",
       "  33649,\n",
       "  134596,\n",
       "  480700,\n",
       "  1562275,\n",
       "  4686825,\n",
       "  13123110,\n",
       "  34597290,\n",
       "  86493225,\n",
       "  206253075,\n",
       "  471435600,\n",
       "  1037158320,\n",
       "  2203961430,\n",
       "  4537567650,\n",
       "  9075135300,\n",
       "  17672631900,\n",
       "  33578000610],\n",
       " [1,\n",
       "  20,\n",
       "  210,\n",
       "  1540,\n",
       "  8855,\n",
       "  42504,\n",
       "  177100,\n",
       "  657800,\n",
       "  2220075,\n",
       "  6906900,\n",
       "  20030010,\n",
       "  54627300,\n",
       "  141120525,\n",
       "  347373600,\n",
       "  818809200,\n",
       "  1855967520,\n",
       "  4059928950,\n",
       "  8597496600,\n",
       "  17672631900,\n",
       "  35345263800,\n",
       "  68923264410],\n",
       " [1,\n",
       "  21,\n",
       "  231,\n",
       "  1771,\n",
       "  10626,\n",
       "  53130,\n",
       "  230230,\n",
       "  888030,\n",
       "  3108105,\n",
       "  10015005,\n",
       "  30045015,\n",
       "  84672315,\n",
       "  225792840,\n",
       "  573166440,\n",
       "  1391975640,\n",
       "  3247943160,\n",
       "  7307872110,\n",
       "  15905368710,\n",
       "  33578000610,\n",
       "  68923264410,\n",
       "  137846528820]]"
      ]
     },
     "execution_count": 34,
     "metadata": {},
     "output_type": "execute_result"
    }
   ],
   "source": [
    "path_counter(20)"
   ]
  },
  {
   "cell_type": "code",
   "execution_count": null,
   "metadata": {},
   "outputs": [],
   "source": []
  }
 ],
 "metadata": {
  "kernelspec": {
   "display_name": "Python 3",
   "language": "python",
   "name": "python3"
  },
  "language_info": {
   "codemirror_mode": {
    "name": "ipython",
    "version": 3
   },
   "file_extension": ".py",
   "mimetype": "text/x-python",
   "name": "python",
   "nbconvert_exporter": "python",
   "pygments_lexer": "ipython3",
   "version": "3.6.5"
  }
 },
 "nbformat": 4,
 "nbformat_minor": 2
}
